111

1131311. 133. 31 1133313 11311131( 3133331113333331111113311,
1113331 3113111311 113111 111331113311111, (3113111131 1131-
131313 3331111113.
1111311. 121111, Hi 331133 11131 111133331111111111113111 11313 (111
311331333331111,
Non 113113 1133· 1111111311( 3133111313 ι1113313311
3111313 (3311111133.
Neque 3131311 11333 1133331333, 311 33131133
11111333111113 11331.
111311, 211. Ni 1131331113 1131331331 3333311, 1113333 1113313331
1113333111.
(tam. 1111. 1311113· (111111 31311113111333111,31(3313111111311131113
(1133333.

(fist. 11211. Ν31311 11113131131333, 1113111131111131 3331111 (1311113333.

113113113313333 11117, corr. (111113311111131
¹ 1131111, 421. 1133 31 31(11333333311 (1111313331 1133113333( ad 11113
3333113111. -. .
(13 3111111111133331 111113113113111113 dentibus
1111113 (1311(133313111113 133311133113113.
111131. 11111311113113333331113
I (113311. 1111111131 (3133 33( (11311313 11111131 1133331.
111331 ’3111 3313333 (1111111173
Mil. 28. ,111131 (3331(13131
1( 31113113 33313, 3131· 1333111111, 3133 11133311
’1)31( 31133 (13 31( 31113311 1333131111111331 13·(1311111311.

111 313131111111131 1. 11313331111131 1117111 1]

1111133. 1113113 3313111111331111, 1311311313 13333333311133111313 .

13111111 3111111.
Et 1111’111131111(111(1313’1 313 31313113(131111.1(1313

1111111111 ’111 113131311131311111333133311111133331313311111.

 

