Si 4444444443 4444444444 444444 4444444 44444 4444.
4444 44443444 merito 44444 toribus suspecti uisi 3444444
(444444 4124 [444 444 4444443, 44444 34 44443 4444 4444444444 444.
(¹ 444 444. Ρ4434 43 444 444443, 4444444 34444 4444444 seceris,
44· 4444 44444 44444444 ,344444 confido adfore.
Oapt. 4444. E4444444 34 4444 44444 4444444444 scrofami 444 4444· 444
4443444444,
[44 444343 4444444443 444443 44444444'4 4444444444 fur·
f44444.
Capt. 821. [44444444 4440 44' 4'44 44444 4444444444 4444444444 44444
3444444,
144 4444444444 44 (4444444444 4444444444 4444444443
4443444444443.
Cure. 2444. 443 4444 4444444 34 4444444444,
Ex 444404444444444 4444444 4444444444 4444444444 4444·
4444444444.
(4444. 4244, (444444 444444 —- (4444 444444, 4444444434 444344 444
34 444 444 444444444443,
[4444444444 44 1444444 4444444444.
4444. 5444. 44 4444444 44 4444444444 4444444444

[4144444444 4444444, 4444444 4444444444 44444444444444
4444444444 Α, omittit 444444
Most. 434. 44· 44444‘44 444 444 4444444 444444 444443 4444444, 444 44-

44444' 444444'4:
Ne 44444344444444444 43, 44 44 4443444 4444 44444443
,4144411 12 Prae 444 443 44 444 444434 41444444 4444444
144443, 4444 [4443 44444444 444 4343 444444444.
4144444144 4444444344, 34 4444443343 444444 4444444.
Mil 1426. 4¹4 4404 4444 4444444444( 4 40 4444 4444, 44444473
4434444443,

 

